2018-04-02 19:45:47,860 - 
m: 12.0107
bondLength: 1.42
N: 1000
T: 300
l: 1.42
L: 89.80868554878197
dt: 0.01
HeatBath_on: False
memory_on: False
steps: 2000
fromFile: sys.obj
t: 20.0
__name__: config
__package__: 
__file__: /Users/aaron/academic/3061/graphene/config.py
__cached__: /Users/aaron/academic/3061/graphene/__pycache__/config.cpython-36.pyc
Virial: [[ 3.04411922e-03 -5.73158711e-03  1.59304999e-04]
 [-5.73158711e-03 -3.24282963e-02 -6.56495999e-05]
 [ 1.59304999e-04 -6.56495999e-05 -4.04501900e-03]]

2018-04-02 20:31:44,686 - 
m: 12.0107
bondLength: 1.42
N: 1000
T: 300
l: 1.42
L: 89.80868554878197
dt: 0.01
HeatBath_on: False
memory_on: False
steps: 2000
fromFile: sys.obj
t: 20.0
__name__: config
__package__: 
__file__: /Users/aaron/academic/3061/graphene/config.py
__cached__: /Users/aaron/academic/3061/graphene/__pycache__/config.cpython-36.pyc
Virial: [[ 3.04411922e-03 -5.73158711e-03  1.59304999e-04]
 [-5.73158711e-03 -3.24282963e-02 -6.56495999e-05]
 [ 1.59304999e-04 -6.56495999e-05 -4.04501900e-03]]

2018-04-02 20:33:39,108 - 
m: 12.0107
bondLength: 1.42
N: 1000
T: 300
l: 1.42
L: 89.80868554878197
dt: 0.01
HeatBath_on: False
memory_on: False
steps: 2000
fromFile: sys.obj
t: 20.0
__name__: config
__package__: 
__file__: /Users/aaron/academic/3061/graphene/config.py
__cached__: /Users/aaron/academic/3061/graphene/__pycache__/config.cpython-36.pyc
Virial: [[ 3.04411922e-03 -5.73158711e-03  1.59304999e-04]
 [-5.73158711e-03 -3.24282963e-02 -6.56495999e-05]
 [ 1.59304999e-04 -6.56495999e-05 -4.04501900e-03]]

2018-04-02 20:33:57,564 - 
m: 12.0107
bondLength: 1.42
N: 1000
T: 300
l: 1.42
L: 89.80868554878197
dt: 0.01
HeatBath_on: False
memory_on: False
steps: 2000
fromFile: sys.obj
t: 20.0
__name__: config
__package__: 
__file__: /Users/aaron/academic/3061/graphene/config.py
__cached__: /Users/aaron/academic/3061/graphene/__pycache__/config.cpython-36.pyc
Virial: [[ 3.04411922e-03 -5.73158711e-03  1.59304999e-04]
 [-5.73158711e-03 -3.24282963e-02 -6.56495999e-05]
 [ 1.59304999e-04 -6.56495999e-05 -4.04501900e-03]]

2018-04-02 20:33:59,244 - No handles with labels found to put in legend.
2018-04-02 20:33:59,244 - No handles with labels found to put in legend.
2018-04-02 22:05:54,289 - 
m: 12.0107
bondLength: 1.42
N: 1000
T: 100
l: 1.42
L: 89.80868554878197
dt: 0.01
HeatBath_on: True
memory_on: False
steps: 2000
fromFile: sys.obj
t: 20.0
__name__: config
__package__: 
__file__: /Users/aaron/academic/3061/graphene/config.py
__cached__: /Users/aaron/academic/3061/graphene/__pycache__/config.cpython-36.pyc
Virial: [[ 3.04411922e-03 -5.73158711e-03  1.59304999e-04]
 [-5.73158711e-03 -3.24282963e-02 -6.56495999e-05]
 [ 1.59304999e-04 -6.56495999e-05 -4.04501900e-03]]

2018-04-02 22:11:51,113 - duration : 356.82288217544556
2018-04-02 22:12:02,869 - 
m: 12.0107
bondLength: 1.42
N: 1000
T: 100
l: 1.42
L: 89.80868554878197
dt: 0.01
HeatBath_on: True
memory_on: False
steps: 2000
fromFile: sys.obj
t: 20.0
__name__: config
__package__: 
__file__: /Users/aaron/academic/3061/graphene/config.py
__cached__: /Users/aaron/academic/3061/graphene/__pycache__/config.cpython-36.pyc
Virial: [[ 0.01143476  0.00233508  0.00043762]
 [ 0.00233508  0.0119079  -0.00020322]
 [ 0.00043762 -0.00020322 -0.00114807]]

2018-04-02 22:12:04,100 - No handles with labels found to put in legend.
2018-04-02 22:12:04,101 - No handles with labels found to put in legend.
2018-04-02 22:12:55,538 - 
m: 12.0107
bondLength: 1.42
N: 1000
T: 100
l: 1.42
L: 89.80868554878197
dt: 0.01
HeatBath_on: True
memory_on: False
steps: 2000
fromFile: sys.obj
t: 20.0
__name__: config
__package__: 
__file__: /Users/aaron/academic/3061/graphene/config.py
__cached__: /Users/aaron/academic/3061/graphene/__pycache__/config.cpython-36.pyc
Virial: [[ 3.31442310e-03  6.76833894e-04  1.26847019e-04]
 [ 6.76833894e-04  3.45156479e-03 -5.89052662e-05]
 [ 1.26847019e-04 -5.89052662e-05 -3.32773047e-04]]

2018-04-02 22:12:56,679 - No handles with labels found to put in legend.
2018-04-02 22:12:56,679 - No handles with labels found to put in legend.
2018-04-02 22:14:15,882 - 
__name__: config
__package__: 
__file__: /Users/aaron/academic/3061/graphene/config.py
__cached__: /Users/aaron/academic/3061/graphene/__pycache__/config.cpython-36.pyc
m: 12.0107
bondLength: 1.42
N: 1000
T: 100
l: 1.42
L: 89.80868554878197
dt: 0.01
HeatBath_on: True
memory_on: False
steps: 6000
t: 60.0

2018-04-02 22:32:39,549 - duration : 1103.6670501232147
2018-04-02 22:33:07,170 - 
__name__: config
__package__: 
__file__: /Users/aaron/academic/3061/graphene/config.py
__cached__: /Users/aaron/academic/3061/graphene/__pycache__/config.cpython-36.pyc
m: 12.0107
bondLength: 1.42
N: 1000
T: 100
l: 1.42
L: 89.80868554878197
dt: 0.01
HeatBath_on: True
memory_on: False
steps: 6000
t: 60.0
Virial: [[-5.19733882e-04  1.97789751e-05 -3.80699876e-05]
 [ 1.97789751e-05 -5.85448588e-03 -2.28326926e-05]
 [-3.80699876e-05 -2.28326926e-05 -3.68874484e-04]]

2018-04-02 22:42:55,558 - 
__name__: config
__package__: 
__file__: /Users/aaron/academic/3061/graphene/config.py
__cached__: /Users/aaron/academic/3061/graphene/__pycache__/config.cpython-36.pyc
m: 12.0107
bondLength: 1.42
N: 1000
T: 100
l: 1.42
L: 89.80868554878197
dt: 0.01
HeatBath_on: True
memory_on: False
steps: 200
fromFile: sys.obj
t: 60.0
Virial: [[-5.19733882e-04  1.97789751e-05 -3.80699876e-05]
 [ 1.97789751e-05 -5.85448588e-03 -2.28326926e-05]
 [-3.80699876e-05 -2.28326926e-05 -3.68874484e-04]]
t_total: 2.0

2018-04-02 22:43:40,666 - duration : 45.10663604736328
2018-04-02 22:43:43,919 - 
__name__: config
__package__: 
__file__: /Users/aaron/academic/3061/graphene/config.py
__cached__: /Users/aaron/academic/3061/graphene/__pycache__/config.cpython-36.pyc
m: 12.0107
bondLength: 1.42
N: 1000
T: 100
l: 1.42
L: 89.80868554878197
dt: 0.01
HeatBath_on: True
memory_on: False
steps: 200
fromFile: sys.obj
t: 60.0
Virial: [[-1.14254680e-03 -2.11399848e-04  1.32730994e-04]
 [-2.11399848e-04 -6.51690650e-03  7.69576753e-05]
 [ 1.32730994e-04  7.69576753e-05 -4.70990873e-04]]
t_total: 2.0

2018-04-02 22:43:44,873 - No handles with labels found to put in legend.
2018-04-02 22:43:44,874 - No handles with labels found to put in legend.
2018-04-02 22:47:03,825 - 
__name__: config
__package__: 
__file__: /Users/aaron/academic/3061/graphene/config.py
__cached__: /Users/aaron/academic/3061/graphene/__pycache__/config.cpython-36.pyc
m: 12.0107
bondLength: 1.42
N: 1000
T: 100
l: 1.42
L: 89.80868554878197
dt: 0.01
HeatBath_on: False
memory_on: False
steps: 2000
fromFile: sys.obj
t: 0.0
Virial: [[-1.14254680e-03 -2.11399848e-04  1.32730994e-04]
 [-2.11399848e-04 -6.51690650e-03  7.69576753e-05]
 [ 1.32730994e-04  7.69576753e-05 -4.70990873e-04]]
t_total: 20.0

2018-04-02 22:52:51,663 - duration : 347.83611273765564
2018-04-02 22:53:02,112 - 
__name__: config
__package__: 
__file__: /Users/aaron/academic/3061/graphene/config.py
__cached__: /Users/aaron/academic/3061/graphene/__pycache__/config.cpython-36.pyc
m: 12.0107
bondLength: 1.42
N: 1000
T: 100
l: 1.42
L: 89.80868554878197
dt: 0.01
HeatBath_on: False
memory_on: False
steps: 2000
fromFile: sys.obj
t: 20.000000000000327
Virial: [[ 2.89250658e-03  4.03457938e-04 -4.92224855e-05]
 [ 4.03457938e-04  4.53593982e-03 -4.54591925e-06]
 [-4.92224855e-05 -4.54591925e-06 -4.13944427e-04]]
t_total: 20.0

2018-04-02 22:53:03,178 - No handles with labels found to put in legend.
2018-04-02 22:53:03,179 - No handles with labels found to put in legend.
2018-04-02 23:01:53,080 - 
__name__: config
__package__: 
__file__: /Users/aaron/academic/3061/graphene/config.py
__cached__: /Users/aaron/academic/3061/graphene/__pycache__/config.cpython-36.pyc
m: 12.0107
bondLength: 1.42
N: 1000
T: 100
l: 1.42
L: 89.80868554878197
dt: 0.01
HeatBath_on: False
memory_on: False
steps: 2000
fromFile: sys.obj
t: 0.0
Virial: [[ 2.89250658e-03  4.03457938e-04 -4.92224855e-05]
 [ 4.03457938e-04  4.53593982e-03 -4.54591925e-06]
 [-4.92224855e-05 -4.54591925e-06 -4.13944427e-04]]
t_total: 20.0

2018-04-02 23:09:07,558 - duration : 434.4762849807739
2018-04-02 23:27:27,147 - 
__name__: config
__package__: 
__file__: /Users/aaron/academic/3061/graphene/config.py
__cached__: /Users/aaron/academic/3061/graphene/__pycache__/config.cpython-36.pyc
m: 12.0107
bondLength: 1.42
N: 1000
T: 100
l: 1.42
L: 89.80868554878197
dt: 0.01
HeatBath_on: False
memory_on: False
steps: 2000
fromFile: sys.obj
t: 20.000000000000327
Virial: [[-2.15492466e-03  1.12999016e-04 -5.78165846e-05]
 [ 1.12999016e-04 -3.33997699e-03  1.55786035e-04]
 [-5.78165846e-05  1.55786035e-04 -6.48663576e-04]]
t_total: 20.0

2018-04-02 23:27:28,883 - No handles with labels found to put in legend.
2018-04-02 23:27:28,884 - No handles with labels found to put in legend.
2018-04-03 16:09:57,607 - 
__name__: config
__package__: 
__file__: /Users/aaron/academic/3061/graphene/config.py
__cached__: /Users/aaron/academic/3061/graphene/__pycache__/config.cpython-36.pyc
m: 12.0107
bondLength: 1.42
N: 1000
T: 100
l: 1.42
L: 89.80868554878197
dt: 0.01
HeatBath_on: False
memory_on: False
steps: 2000
fromFile: sys.obj
t: 0.0
Virial: [[-2.15492466e-03  1.12999016e-04 -5.78165846e-05]
 [ 1.12999016e-04 -3.33997699e-03  1.55786035e-04]
 [-5.78165846e-05  1.55786035e-04 -6.48663576e-04]]
t_total: 20.0

2018-04-03 16:10:00,621 - 
__name__: config
__package__: 
__file__: /Users/aaron/academic/3061/graphene/config.py
__cached__: /Users/aaron/academic/3061/graphene/__pycache__/config.cpython-36.pyc
m: 12.0107
bondLength: 1.42
N: 1000
T: 100
l: 1.42
L: 89.80868554878197
dt: 0.01
HeatBath_on: False
memory_on: False
steps: 2000
fromFile: sys.obj
t: 0.0
Virial: [[-2.15418962e-03  1.10938210e-04 -6.11910622e-05]
 [ 1.10938210e-04 -3.33807217e-03  1.53187581e-04]
 [-6.11910622e-05  1.53187581e-04 -6.47591047e-04]]
t_total: 20.0

2018-04-03 16:10:01,519 - No handles with labels found to put in legend.
2018-04-03 16:10:01,520 - No handles with labels found to put in legend.
2018-04-03 16:10:37,940 - 
__name__: config
__package__: 
__file__: /Users/aaron/academic/3061/graphene/config.py
__cached__: /Users/aaron/academic/3061/graphene/__pycache__/config.cpython-36.pyc
m: 12.0107
bondLength: 1.42
N: 1000
T: 100
l: 1.42
L: 89.80868554878197
dt: 0.01
HeatBath_on: False
memory_on: False
steps: 2000
fromFile: sys.obj
t: 0.0
Virial: [[-2.15418962e-03  1.10938210e-04 -6.11910622e-05]
 [ 1.10938210e-04 -3.33807217e-03  1.53187581e-04]
 [-6.11910622e-05  1.53187581e-04 -6.47591047e-04]]
t_total: 20.0

2018-04-03 16:10:40,269 - 
__name__: config
__package__: 
__file__: /Users/aaron/academic/3061/graphene/config.py
__cached__: /Users/aaron/academic/3061/graphene/__pycache__/config.cpython-36.pyc
m: 12.0107
bondLength: 1.42
N: 1000
T: 100
l: 1.42
L: 89.80868554878197
dt: 0.01
HeatBath_on: False
memory_on: False
steps: 2000
fromFile: sys.obj
t: 0.0
Virial: [[-2.15320489e-03  1.08882256e-04 -6.45892997e-05]
 [ 1.08882256e-04 -3.33594893e-03  1.50574700e-04]
 [-6.45892997e-05  1.50574700e-04 -6.46508439e-04]]
t_total: 20.0

2018-04-03 16:10:41,121 - No handles with labels found to put in legend.
2018-04-03 16:10:41,121 - No handles with labels found to put in legend.
2018-04-03 16:10:47,461 - 
__name__: config
__package__: 
__file__: /Users/aaron/academic/3061/graphene/config.py
__cached__: /Users/aaron/academic/3061/graphene/__pycache__/config.cpython-36.pyc
m: 12.0107
bondLength: 1.42
N: 1000
T: 100
l: 1.42
L: 89.80868554878197
dt: 0.01
HeatBath_on: False
memory_on: False
steps: 2000
fromFile: sys.obj
t: 0.0
Virial: [[-2.15320489e-03  1.08882256e-04 -6.45892997e-05]
 [ 1.08882256e-04 -3.33594893e-03  1.50574700e-04]
 [-6.45892997e-05  1.50574700e-04 -6.46508439e-04]]
t_total: 20.0

2018-04-03 16:17:23,642 - duration : 396.1796278953552
2018-04-03 16:17:37,480 - 
__name__: config
__package__: 
__file__: /Users/aaron/academic/3061/graphene/config.py
__cached__: /Users/aaron/academic/3061/graphene/__pycache__/config.cpython-36.pyc
m: 12.0107
bondLength: 1.42
N: 1000
T: 100
l: 1.42
L: 89.80868554878197
dt: 0.01
HeatBath_on: False
memory_on: False
steps: 2000
fromFile: sys.obj
t: 20.000000000000327
Virial: [[ -3.44601205   0.09938093  -1.68945071]
 [  0.09938093  -6.11153571  -0.99790577]
 [ -1.68945071  -0.99790577 -16.15350229]]
t_total: 20.0

2018-04-03 16:17:38,675 - No handles with labels found to put in legend.
2018-04-03 16:17:38,676 - No handles with labels found to put in legend.
2018-04-03 16:19:46,934 - 
__name__: config
__package__: 
__file__: /Users/aaron/academic/3061/graphene/config.py
__cached__: /Users/aaron/academic/3061/graphene/__pycache__/config.cpython-36.pyc
m: 12.0107
bondLength: 1.42
N: 1000
T: 100
l: 1.42
L: 89.80868554878197
dt: 0.01
HeatBath_on: False
memory_on: False
steps: 2000
fromFile: sys.obj
t: 20.000000000000327
Virial: [[ -3.44601205   0.09938093  -1.68945071]
 [  0.09938093  -6.11153571  -0.99790577]
 [ -1.68945071  -0.99790577 -16.15350229]]
t_total: 20.0

2018-04-03 16:19:48,069 - No handles with labels found to put in legend.
2018-04-03 16:19:48,070 - No handles with labels found to put in legend.
2018-04-03 16:19:57,017 - Internal Python error in the inspect module.
Below is the traceback from this internal error.

2018-04-03 16:19:57,021 - 
Unfortunately, your original traceback can not be constructed.

2018-04-03 16:21:39,577 - 
__name__: config
__package__: 
__file__: /Users/aaron/academic/3061/graphene/config.py
__cached__: /Users/aaron/academic/3061/graphene/__pycache__/config.cpython-36.pyc
m: 12.0107
bondLength: 1.42
N: 1000
T: 100
l: 1.42
L: 89.80868554878197
dt: 0.01
HeatBath_on: True
memory_on: False
steps: 6000
t_total: 60.0
t: 0.0

2018-04-03 16:22:05,633 - 
__name__: config
__package__: 
__file__: /Users/aaron/academic/3061/graphene/config.py
__cached__: /Users/aaron/academic/3061/graphene/__pycache__/config.cpython-36.pyc
m: 12.0107
bondLength: 1.42
N: 1000
T: 100
l: 1.42
L: 89.80868554878197
dt: 0.01
HeatBath_on: True
memory_on: False
steps: 6000
t_total: 60.0
t: 0.0

2018-04-03 16:40:16,530 - duration : 1090.8971109390259
2018-04-03 16:40:43,646 - 
__name__: config
__package__: 
__file__: /Users/aaron/academic/3061/graphene/config.py
__cached__: /Users/aaron/academic/3061/graphene/__pycache__/config.cpython-36.pyc
m: 12.0107
bondLength: 1.42
N: 1000
T: 100
l: 1.42
L: 89.80868554878197
dt: 0.01
HeatBath_on: True
memory_on: False
steps: 6000
t_total: 60.0
t: 59.99999999999663
Virial: [[-7.78256870e-04 -3.62247770e-04 -2.58035771e-05]
 [-3.62247770e-04 -4.74033825e-03  4.71507736e-05]
 [-2.58035771e-05  4.71507736e-05 -4.27428008e-04]]

2018-04-03 16:40:45,745 - No handles with labels found to put in legend.
2018-04-03 16:40:45,746 - No handles with labels found to put in legend.
2018-04-03 16:50:29,217 - 
__name__: config
__package__: 
__file__: /Users/aaron/academic/3061/graphene/config.py
__cached__: /Users/aaron/academic/3061/graphene/__pycache__/config.cpython-36.pyc
m: 12.0107
bondLength: 1.42
N: 1000
T: 100
l: 1.42
L: 89.80868554878197
dt: 0.01
HeatBath_on: False
memory_on: False
steps: 2000
fromFile: sys.obj
t_total: 20.0
t: 0.0
Virial: [[-7.78256870e-04 -3.62247770e-04 -2.58035771e-05]
 [-3.62247770e-04 -4.74033825e-03  4.71507736e-05]
 [-2.58035771e-05  4.71507736e-05 -4.27428008e-04]]

2018-04-03 16:56:58,009 - duration : 388.7909288406372
2018-04-03 16:57:11,983 - 
__name__: config
__package__: 
__file__: /Users/aaron/academic/3061/graphene/config.py
__cached__: /Users/aaron/academic/3061/graphene/__pycache__/config.cpython-36.pyc
m: 12.0107
bondLength: 1.42
N: 1000
T: 100
l: 1.42
L: 89.80868554878197
dt: 0.01
HeatBath_on: False
memory_on: False
steps: 2000
fromFile: sys.obj
t_total: 20.0
t: 20.000000000000327
Virial: [[ 3.54406376e-03  7.66748909e-04  6.48945433e-05]
 [ 7.66748909e-04  2.29566691e-03  2.03167068e-04]
 [ 6.48945433e-05  2.03167068e-04 -3.48873804e-04]]

2018-04-03 16:57:13,211 - No handles with labels found to put in legend.
2018-04-03 16:57:13,212 - No handles with labels found to put in legend.
2018-04-06 14:26:22,467 - diff parser start
2018-04-06 14:26:22,468 - diff parser calculated
2018-04-06 14:26:22,468 - diff: line_lengths old: 1, new: 1
2018-04-06 14:26:22,469 - diff replace old[1:1] new[1:1]
2018-04-06 14:26:22,469 - parse_part from 1 to 1 (to 0 in part parser)
2018-04-06 14:26:22,469 - diff parser end
2018-04-06 14:27:55,304 - findfont: Matching :family=sans-serif:style=normal:variant=normal:weight=normal:stretch=normal:size=10.0 to DejaVu Sans ('/Users/aaron/anaconda/lib/python3.6/site-packages/matplotlib/mpl-data/fonts/ttf/DejaVuSans.ttf') with score of 0.050000
2018-04-06 14:29:31,347 - findfont: Matching :family=sans-serif:style=normal:variant=normal:weight=normal:stretch=normal:size=10.0 to DejaVu Sans ('/Users/aaron/anaconda/lib/python3.6/site-packages/matplotlib/mpl-data/fonts/ttf/DejaVuSans.ttf') with score of 0.050000
2018-04-06 14:29:55,820 - findfont: Matching :family=sans-serif:style=normal:variant=normal:weight=normal:stretch=normal:size=10.0 to DejaVu Sans ('/Users/aaron/anaconda/lib/python3.6/site-packages/matplotlib/mpl-data/fonts/ttf/DejaVuSans.ttf') with score of 0.050000
2018-04-06 14:30:52,735 - findfont: Matching :family=sans-serif:style=normal:variant=normal:weight=normal:stretch=normal:size=10.0 to DejaVu Sans ('/Users/aaron/anaconda/lib/python3.6/site-packages/matplotlib/mpl-data/fonts/ttf/DejaVuSans.ttf') with score of 0.050000
2018-04-06 14:31:21,268 - findfont: Matching :family=sans-serif:style=normal:variant=normal:weight=normal:stretch=normal:size=10.0 to DejaVu Sans ('/Users/aaron/anaconda/lib/python3.6/site-packages/matplotlib/mpl-data/fonts/ttf/DejaVuSans.ttf') with score of 0.050000
2018-04-06 14:32:00,918 - findfont: Matching :family=sans-serif:style=normal:variant=normal:weight=normal:stretch=normal:size=10.0 to DejaVu Sans ('/Users/aaron/anaconda/lib/python3.6/site-packages/matplotlib/mpl-data/fonts/ttf/DejaVuSans.ttf') with score of 0.050000
2018-04-06 14:32:36,904 - findfont: Matching :family=sans-serif:style=normal:variant=normal:weight=normal:stretch=normal:size=10.0 to DejaVu Sans ('/Users/aaron/anaconda/lib/python3.6/site-packages/matplotlib/mpl-data/fonts/ttf/DejaVuSans.ttf') with score of 0.050000
2018-04-06 14:34:03,281 - findfont: Matching :family=sans-serif:style=normal:variant=normal:weight=normal:stretch=normal:size=10.0 to DejaVu Sans ('/Users/aaron/anaconda/lib/python3.6/site-packages/matplotlib/mpl-data/fonts/ttf/DejaVuSans.ttf') with score of 0.050000
2018-04-06 14:34:26,887 - 
__name__: config
__package__: 
__file__: /Users/aaron/academic/3061/graphene/config.py
__cached__: /Users/aaron/academic/3061/graphene/__pycache__/config.cpython-36.pyc
m: 12.0107
bondLength: 1.42
N: 1000
T: 100
l: 1.42
L: 90.0
dt: 0.01
HeatBath_on: False
memory_on: False
steps: 2000
fromFile: sys.obj
t_total: 20.0
t: 0.0
Virial: [[ 3.54406376e-03  7.66748909e-04  6.48945433e-05]
 [ 7.66748909e-04  2.29566691e-03  2.03167068e-04]
 [ 6.48945433e-05  2.03167068e-04 -3.48873804e-04]]
R: 30

2018-04-06 14:34:49,168 - 
m: 12.0107
bondLength: 1.42
N: 1000
T: 100
l: 1.42
R: 30
L: 90.0
dt: 0.01
HeatBath_on: False
memory_on: False
steps: 2000
t_total: 20.0
t: 0.0

2018-04-06 14:34:51,348 - 
m: 12.0107
bondLength: 1.42
N: 1000
T: 100
l: 1.42
R: 30
L: 90.0
dt: 0.01
HeatBath_on: False
memory_on: False
steps: 2000
t_total: 20.0
t: 0.0
Virial: [[ 1.29225766e-02  9.94515160e-06 -1.87218438e-06]
 [ 9.94515160e-06  1.29066928e-02  3.53655193e-06]
 [-1.87218438e-06  3.53655193e-06 -3.19102155e-04]]

2018-04-06 14:34:52,148 - No handles with labels found to put in legend.
2018-04-06 14:34:52,149 - No handles with labels found to put in legend.
2018-04-06 14:34:52,177 - findfont: Matching :family=sans-serif:style=normal:variant=normal:weight=normal:stretch=normal:size=10.0 to DejaVu Sans ('/Users/aaron/anaconda/lib/python3.6/site-packages/matplotlib/mpl-data/fonts/ttf/DejaVuSans.ttf') with score of 0.050000
2018-04-06 14:34:52,190 - Assigning font /b'F1' = '/Users/aaron/anaconda/lib/python3.6/site-packages/matplotlib/mpl-data/fonts/ttf/DejaVuSans.ttf'
2018-04-06 14:34:52,237 - findfont: Matching :family=sans-serif:style=normal:variant=normal:weight=normal:stretch=normal:size=12.0 to DejaVu Sans ('/Users/aaron/anaconda/lib/python3.6/site-packages/matplotlib/mpl-data/fonts/ttf/DejaVuSans.ttf') with score of 0.050000
2018-04-06 14:34:52,553 - Embedding font /Users/aaron/anaconda/lib/python3.6/site-packages/matplotlib/mpl-data/fonts/ttf/DejaVuSans.ttf.
2018-04-06 14:34:52,553 - Writing TrueType font.
2018-04-06 14:35:44,377 - 
m: 12.0107
bondLength: 1.42
N: 1000
T: 100
l: 1.42
R: 30
L: 90.0
dt: 0.01
HeatBath_on: False
memory_on: False
steps: 2000
t_total: 20.0
t: 0.0
Virial: [[ 1.29225766e-02  9.94515160e-06 -1.87218438e-06]
 [ 9.94515160e-06  1.29066928e-02  3.53655193e-06]
 [-1.87218438e-06  3.53655193e-06 -3.19102155e-04]]

2018-04-06 14:35:45,469 - No handles with labels found to put in legend.
2018-04-06 14:35:45,471 - No handles with labels found to put in legend.
2018-04-06 14:35:45,513 - findfont: Matching :family=sans-serif:style=normal:variant=normal:weight=normal:stretch=normal:size=10.0 to DejaVu Sans ('/Users/aaron/anaconda/lib/python3.6/site-packages/matplotlib/mpl-data/fonts/ttf/DejaVuSans.ttf') with score of 0.050000
2018-04-06 14:35:45,525 - Assigning font /b'F1' = '/Users/aaron/anaconda/lib/python3.6/site-packages/matplotlib/mpl-data/fonts/ttf/DejaVuSans.ttf'
2018-04-06 14:35:45,608 - findfont: Matching :family=sans-serif:style=normal:variant=normal:weight=normal:stretch=normal:size=12.0 to DejaVu Sans ('/Users/aaron/anaconda/lib/python3.6/site-packages/matplotlib/mpl-data/fonts/ttf/DejaVuSans.ttf') with score of 0.050000
2018-04-06 14:35:46,081 - Embedding font /Users/aaron/anaconda/lib/python3.6/site-packages/matplotlib/mpl-data/fonts/ttf/DejaVuSans.ttf.
2018-04-06 14:35:46,082 - Writing TrueType font.
2018-04-06 14:36:32,647 - 
m: 12.0107
bondLength: 1.42
N: 1087
T: 100
l: 1.42
R: 30
L: 90.0
dt: 0.01
HeatBath_on: False
memory_on: False
steps: 2000
t_total: 20.0
t: 0.0

2018-04-06 14:36:34,698 - 
m: 12.0107
bondLength: 1.42
N: 1087
T: 100
l: 1.42
R: 30
L: 90.0
dt: 0.01
HeatBath_on: False
memory_on: False
steps: 2000
t_total: 20.0
t: 0.0
Virial: [[ 1.28940943e-02  1.27469846e-05 -1.53243797e-05]
 [ 1.27469846e-05  1.29253525e-02  1.01885757e-06]
 [-1.53243797e-05  1.01885757e-06 -3.21179745e-04]]

2018-04-06 14:36:35,489 - No handles with labels found to put in legend.
2018-04-06 14:36:35,489 - No handles with labels found to put in legend.
2018-04-06 14:36:35,513 - findfont: Matching :family=sans-serif:style=normal:variant=normal:weight=normal:stretch=normal:size=10.0 to DejaVu Sans ('/Users/aaron/anaconda/lib/python3.6/site-packages/matplotlib/mpl-data/fonts/ttf/DejaVuSans.ttf') with score of 0.050000
2018-04-06 14:36:35,522 - Assigning font /b'F1' = '/Users/aaron/anaconda/lib/python3.6/site-packages/matplotlib/mpl-data/fonts/ttf/DejaVuSans.ttf'
2018-04-06 14:36:35,588 - findfont: Matching :family=sans-serif:style=normal:variant=normal:weight=normal:stretch=normal:size=12.0 to DejaVu Sans ('/Users/aaron/anaconda/lib/python3.6/site-packages/matplotlib/mpl-data/fonts/ttf/DejaVuSans.ttf') with score of 0.050000
2018-04-06 14:36:35,943 - Embedding font /Users/aaron/anaconda/lib/python3.6/site-packages/matplotlib/mpl-data/fonts/ttf/DejaVuSans.ttf.
2018-04-06 14:36:35,943 - Writing TrueType font.
2018-04-06 14:37:37,469 - 
m: 12.0107
bondLength: 1.42
N: 1087
T: 100
l: 1.42
R: 30
L: 90.0
dt: 0.01
HeatBath_on: False
memory_on: False
steps: 2000
t_total: 20.0
t: 0.0

2018-04-06 14:38:30,171 - 
m: 12.0107
bondLength: 1.42
N: 1087
T: 100
l: 1.42
R: 30
L: 90.0
dt: 0.01
HeatBath_on: True
memory_on: False
steps: 2000
t_total: 20.0
t: 0.0

2018-04-06 14:44:54,434 - duration : 384.262934923172
2018-04-06 14:45:07,378 - 
m: 12.0107
bondLength: 1.42
N: 1087
T: 100
l: 1.42
R: 30
L: 90.0
dt: 0.01
HeatBath_on: True
memory_on: False
steps: 2000
t_total: 20.0
t: 20.000000000000327
Virial: [[-4.97329562e-03  1.02184230e-04  1.51300006e-05]
 [ 1.02184230e-04 -5.12246924e-03  1.81226984e-05]
 [ 1.51300006e-05  1.81226984e-05 -6.24226361e-05]]

2018-04-06 14:45:08,463 - No handles with labels found to put in legend.
2018-04-06 14:45:08,464 - No handles with labels found to put in legend.
2018-04-06 14:45:08,490 - findfont: Matching :family=sans-serif:style=normal:variant=normal:weight=normal:stretch=normal:size=10.0 to DejaVu Sans ('/Users/aaron/anaconda/lib/python3.6/site-packages/matplotlib/mpl-data/fonts/ttf/DejaVuSans.ttf') with score of 0.050000
2018-04-06 14:45:08,503 - Assigning font /b'F1' = '/Users/aaron/anaconda/lib/python3.6/site-packages/matplotlib/mpl-data/fonts/ttf/DejaVuSans.ttf'
2018-04-06 14:45:08,562 - findfont: Matching :family=sans-serif:style=normal:variant=normal:weight=normal:stretch=normal:size=12.0 to DejaVu Sans ('/Users/aaron/anaconda/lib/python3.6/site-packages/matplotlib/mpl-data/fonts/ttf/DejaVuSans.ttf') with score of 0.050000
2018-04-06 14:45:08,878 - Embedding font /Users/aaron/anaconda/lib/python3.6/site-packages/matplotlib/mpl-data/fonts/ttf/DejaVuSans.ttf.
2018-04-06 14:45:08,878 - Writing TrueType font.
2018-04-06 14:52:11,892 - 
m: 12.0107
bondLength: 1.42
N: 1087
T: 100
l: 1.42
R: 30
L: 90.0
dt: 0.01
HeatBath_on: True
memory_on: False
steps: 2000
t_total: 20.0
t: 0.0

2018-04-06 14:59:09,453 - duration : 417.5609800815582
2018-04-06 14:59:23,694 - 
m: 12.0107
bondLength: 1.42
N: 1087
T: 100
l: 1.42
R: 30
L: 90.0
dt: 0.01
HeatBath_on: True
memory_on: False
steps: 2000
t_total: 20.0
t: 20.000000000000327
Virial: [[ 1.20092276e-02 -1.25988426e-03 -4.82584112e-05]
 [-1.25988426e-03  1.18123886e-02  1.43649944e-05]
 [-4.82584112e-05  1.43649944e-05 -1.23755586e-04]]

2018-04-06 14:59:25,345 - No handles with labels found to put in legend.
2018-04-06 14:59:25,345 - No handles with labels found to put in legend.
2018-04-06 14:59:25,390 - findfont: Matching :family=sans-serif:style=normal:variant=normal:weight=normal:stretch=normal:size=10.0 to DejaVu Sans ('/Users/aaron/anaconda/lib/python3.6/site-packages/matplotlib/mpl-data/fonts/ttf/DejaVuSans.ttf') with score of 0.050000
2018-04-06 14:59:25,406 - Assigning font /b'F1' = '/Users/aaron/anaconda/lib/python3.6/site-packages/matplotlib/mpl-data/fonts/ttf/DejaVuSans.ttf'
2018-04-06 14:59:25,471 - findfont: Matching :family=sans-serif:style=normal:variant=normal:weight=normal:stretch=normal:size=12.0 to DejaVu Sans ('/Users/aaron/anaconda/lib/python3.6/site-packages/matplotlib/mpl-data/fonts/ttf/DejaVuSans.ttf') with score of 0.050000
2018-04-06 14:59:25,821 - Embedding font /Users/aaron/anaconda/lib/python3.6/site-packages/matplotlib/mpl-data/fonts/ttf/DejaVuSans.ttf.
2018-04-06 14:59:25,821 - Writing TrueType font.
2018-04-06 15:01:00,107 - 
m: 12.0107
bondLength: 1.42
N: 1087
T: 100
l: 1.42
R: 30
L: 90.0
dt: 0.01
HeatBath_on: True
memory_on: False
steps: 1000
t_total: 10.0
t: 0.0

2018-04-06 15:01:19,223 - 
m: 12.0107
bondLength: 1.42
N: 1087
T: 1000
l: 1.42
R: 30
L: 90.0
dt: 0.01
HeatBath_on: True
memory_on: False
steps: 1000
t_total: 10.0
t: 0.0

2018-04-06 15:05:06,760 - duration : 227.53572487831116
2018-04-06 15:05:13,771 - 
m: 12.0107
bondLength: 1.42
N: 1087
T: 1000
l: 1.42
R: 30
L: 90.0
dt: 0.01
HeatBath_on: True
memory_on: False
steps: 1000
t_total: 10.0
t: 9.999999999999831
Virial: [[ 0.007581   -0.00079968  0.00015246]
 [-0.00079968  0.00898277 -0.00048248]
 [ 0.00015246 -0.00048248 -0.00208483]]

2018-04-06 15:05:14,698 - No handles with labels found to put in legend.
2018-04-06 15:05:14,699 - No handles with labels found to put in legend.
2018-04-06 15:05:14,723 - findfont: Matching :family=sans-serif:style=normal:variant=normal:weight=normal:stretch=normal:size=10.0 to DejaVu Sans ('/Users/aaron/anaconda/lib/python3.6/site-packages/matplotlib/mpl-data/fonts/ttf/DejaVuSans.ttf') with score of 0.050000
2018-04-06 15:05:14,729 - Assigning font /b'F1' = '/Users/aaron/anaconda/lib/python3.6/site-packages/matplotlib/mpl-data/fonts/ttf/DejaVuSans.ttf'
2018-04-06 15:05:14,783 - findfont: Matching :family=sans-serif:style=normal:variant=normal:weight=normal:stretch=normal:size=12.0 to DejaVu Sans ('/Users/aaron/anaconda/lib/python3.6/site-packages/matplotlib/mpl-data/fonts/ttf/DejaVuSans.ttf') with score of 0.050000
2018-04-06 15:05:15,080 - Embedding font /Users/aaron/anaconda/lib/python3.6/site-packages/matplotlib/mpl-data/fonts/ttf/DejaVuSans.ttf.
2018-04-06 15:05:15,081 - Writing TrueType font.
2018-04-06 15:06:06,971 - 
m: 12.0107
bondLength: 1.42
N: 1087
T: 1000
l: 1.42
R: 30
L: 90.0
dt: 0.01
HeatBath_on: False
memory_on: False
steps: 1000
fromFile: sys.obj
t_total: 10.0
t: 0.0
Virial: [[ 0.007581   -0.00079968  0.00015246]
 [-0.00079968  0.00898277 -0.00048248]
 [ 0.00015246 -0.00048248 -0.00208483]]

2018-04-06 15:10:04,648 - duration : 237.67554998397827
2018-04-06 15:10:13,517 - 
m: 12.0107
bondLength: 1.42
N: 1087
T: 1000
l: 1.42
R: 30
L: 90.0
dt: 0.01
HeatBath_on: False
memory_on: False
steps: 1000
fromFile: sys.obj
t_total: 10.0
t: 9.999999999999831
Virial: [[ 0.00028472 -0.00091692 -0.00015162]
 [-0.00091692  0.00086612  0.00025605]
 [-0.00015162  0.00025605 -0.00287073]]

2018-04-06 15:10:14,828 - No handles with labels found to put in legend.
2018-04-06 15:10:14,829 - No handles with labels found to put in legend.
2018-04-06 15:10:14,889 - findfont: Matching :family=sans-serif:style=normal:variant=normal:weight=normal:stretch=normal:size=10.0 to DejaVu Sans ('/Users/aaron/anaconda/lib/python3.6/site-packages/matplotlib/mpl-data/fonts/ttf/DejaVuSans.ttf') with score of 0.050000
2018-04-06 15:10:14,903 - Assigning font /b'F1' = '/Users/aaron/anaconda/lib/python3.6/site-packages/matplotlib/mpl-data/fonts/ttf/DejaVuSans.ttf'
2018-04-06 15:10:14,967 - findfont: Matching :family=sans-serif:style=normal:variant=normal:weight=normal:stretch=normal:size=12.0 to DejaVu Sans ('/Users/aaron/anaconda/lib/python3.6/site-packages/matplotlib/mpl-data/fonts/ttf/DejaVuSans.ttf') with score of 0.050000
2018-04-06 15:10:15,411 - Embedding font /Users/aaron/anaconda/lib/python3.6/site-packages/matplotlib/mpl-data/fonts/ttf/DejaVuSans.ttf.
2018-04-06 15:10:15,411 - Writing TrueType font.
2018-04-06 15:12:23,991 - 
m: 12.0107
bondLength: 1.42
N: 1087
T: 1000
l: 1.42
R: 30
L: 90.0
dt: 0.01
HeatBath_on: False
memory_on: False
steps: 1000
fromFile: sys.obj
t_total: 10.0
t: 0.0
Virial: [[ 0.00028472 -0.00091692 -0.00015162]
 [-0.00091692  0.00086612  0.00025605]
 [-0.00015162  0.00025605 -0.00287073]]
F_ext: 0.2

2018-04-06 15:16:37,056 - duration : 253.06435894966125
2018-04-06 15:16:44,645 - 
m: 12.0107
bondLength: 1.42
N: 1087
T: 1000
l: 1.42
R: 30
L: 90.0
dt: 0.01
HeatBath_on: False
memory_on: False
steps: 1000
fromFile: sys.obj
t_total: 10.0
t: 9.999999999999831
Virial: [[-0.01033376 -0.0008748  -0.0001419 ]
 [-0.0008748  -0.0126369   0.00035616]
 [-0.0001419   0.00035616 -0.00564798]]
F_ext: 0.2

2018-04-06 15:16:45,584 - No handles with labels found to put in legend.
2018-04-06 15:16:45,585 - No handles with labels found to put in legend.
2018-04-06 15:16:45,612 - findfont: Matching :family=sans-serif:style=normal:variant=normal:weight=normal:stretch=normal:size=10.0 to DejaVu Sans ('/Users/aaron/anaconda/lib/python3.6/site-packages/matplotlib/mpl-data/fonts/ttf/DejaVuSans.ttf') with score of 0.050000
2018-04-06 15:16:45,624 - Assigning font /b'F1' = '/Users/aaron/anaconda/lib/python3.6/site-packages/matplotlib/mpl-data/fonts/ttf/DejaVuSans.ttf'
2018-04-06 15:16:45,683 - findfont: Matching :family=sans-serif:style=normal:variant=normal:weight=normal:stretch=normal:size=12.0 to DejaVu Sans ('/Users/aaron/anaconda/lib/python3.6/site-packages/matplotlib/mpl-data/fonts/ttf/DejaVuSans.ttf') with score of 0.050000
2018-04-06 15:16:45,961 - Embedding font /Users/aaron/anaconda/lib/python3.6/site-packages/matplotlib/mpl-data/fonts/ttf/DejaVuSans.ttf.
2018-04-06 15:16:45,961 - Writing TrueType font.
2018-04-06 15:19:00,551 - 
m: 12.0107
bondLength: 1.42
N: 1087
T: 1000
l: 1.42
R: 30
L: 90.0
dt: 0.01
HeatBath_on: False
memory_on: False
steps: 1000
fromFile: sys.obj
t_total: 10.0
t: 0.0
Virial: [[-0.01033376 -0.0008748  -0.0001419 ]
 [-0.0008748  -0.0126369   0.00035616]
 [-0.0001419   0.00035616 -0.00564798]]
F_ext: 10

2018-04-06 15:22:28,928 - duration : 208.3763689994812
2018-04-06 15:22:36,294 - 
m: 12.0107
bondLength: 1.42
N: 1087
T: 1000
l: 1.42
R: 30
L: 90.0
dt: 0.01
HeatBath_on: False
memory_on: False
steps: 1000
fromFile: sys.obj
t_total: 10.0
t: 9.999999999999831
Virial: [[-0.03962465  0.00039365  0.00116418]
 [ 0.00039365 -0.04257689 -0.00043548]
 [ 0.00116418 -0.00043548 -0.28318067]]
F_ext: 10

2018-04-06 15:22:37,185 - No handles with labels found to put in legend.
2018-04-06 15:22:37,186 - No handles with labels found to put in legend.
2018-04-06 15:22:37,212 - findfont: Matching :family=sans-serif:style=normal:variant=normal:weight=normal:stretch=normal:size=10.0 to DejaVu Sans ('/Users/aaron/anaconda/lib/python3.6/site-packages/matplotlib/mpl-data/fonts/ttf/DejaVuSans.ttf') with score of 0.050000
2018-04-06 15:22:37,221 - Assigning font /b'F1' = '/Users/aaron/anaconda/lib/python3.6/site-packages/matplotlib/mpl-data/fonts/ttf/DejaVuSans.ttf'
2018-04-06 15:22:37,265 - findfont: Matching :family=sans-serif:style=normal:variant=normal:weight=normal:stretch=normal:size=12.0 to DejaVu Sans ('/Users/aaron/anaconda/lib/python3.6/site-packages/matplotlib/mpl-data/fonts/ttf/DejaVuSans.ttf') with score of 0.050000
2018-04-06 15:22:37,548 - Embedding font /Users/aaron/anaconda/lib/python3.6/site-packages/matplotlib/mpl-data/fonts/ttf/DejaVuSans.ttf.
2018-04-06 15:22:37,548 - Writing TrueType font.
2018-04-06 15:35:11,640 - 
m: 12.0107
bondLength: 1.42
T: 1000
l: 1.42
F_ext: 2
R: 30
L: 90.0
dt: 0.01
HeatBath_on: False
memory_on: False
steps: 1000
t_total: 10.0
t: 0.0
N: 1087

2018-04-06 15:38:27,714 - duration : 196.07399201393127
2018-04-06 15:38:34,896 - 
m: 12.0107
bondLength: 1.42
T: 1000
l: 1.42
F_ext: 2
R: 30
L: 90.0
dt: 0.01
HeatBath_on: False
memory_on: False
steps: 1000
t_total: 10.0
t: 9.999999999999831
N: 1087
Virial: [[-3.54465611e-02 -3.30479898e-05  2.57880340e-04]
 [-3.30479898e-05 -3.54595539e-02 -3.82175582e-05]
 [ 2.57880340e-04 -3.82175582e-05 -4.75668599e-02]]

2018-04-06 15:38:35,844 - No handles with labels found to put in legend.
2018-04-06 15:38:35,845 - No handles with labels found to put in legend.
2018-04-06 15:38:35,869 - findfont: Matching :family=sans-serif:style=normal:variant=normal:weight=normal:stretch=normal:size=10.0 to DejaVu Sans ('/Users/aaron/anaconda/lib/python3.6/site-packages/matplotlib/mpl-data/fonts/ttf/DejaVuSans.ttf') with score of 0.050000
2018-04-06 15:38:35,883 - Assigning font /b'F1' = '/Users/aaron/anaconda/lib/python3.6/site-packages/matplotlib/mpl-data/fonts/ttf/DejaVuSans.ttf'
2018-04-06 15:38:35,926 - findfont: Matching :family=sans-serif:style=normal:variant=normal:weight=normal:stretch=normal:size=12.0 to DejaVu Sans ('/Users/aaron/anaconda/lib/python3.6/site-packages/matplotlib/mpl-data/fonts/ttf/DejaVuSans.ttf') with score of 0.050000
2018-04-06 15:38:36,245 - Embedding font /Users/aaron/anaconda/lib/python3.6/site-packages/matplotlib/mpl-data/fonts/ttf/DejaVuSans.ttf.
2018-04-06 15:38:36,245 - Writing TrueType font.
2018-04-06 15:45:21,349 - 
m: 12.0107
bondLength: 1.42
T: 100
l: 1.42
F_ext: 0
R: 30
L: 90.0
dt: 0.01
HeatBath_on: True
memory_on: False
steps: 2000
t_total: 20.0
t: 0.0
N: 1087

2018-04-06 15:52:28,669 - duration : 427.3191068172455
2018-04-06 15:52:40,638 - 
m: 12.0107
bondLength: 1.42
T: 100
l: 1.42
F_ext: 0
R: 30
L: 90.0
dt: 0.01
HeatBath_on: True
memory_on: False
steps: 2000
t_total: 20.0
t: 20.000000000000327
N: 1087
Virial: [[ 1.25925095e-02  1.01996677e-04  2.25996388e-05]
 [ 1.01996677e-04  1.23559715e-02 -3.39651114e-06]
 [ 2.25996388e-05 -3.39651114e-06 -1.37939726e-04]]

2018-04-06 15:52:42,104 - No handles with labels found to put in legend.
2018-04-06 15:52:42,105 - No handles with labels found to put in legend.
2018-04-06 15:52:42,140 - findfont: Matching :family=sans-serif:style=normal:variant=normal:weight=normal:stretch=normal:size=10.0 to DejaVu Sans ('/Users/aaron/anaconda/lib/python3.6/site-packages/matplotlib/mpl-data/fonts/ttf/DejaVuSans.ttf') with score of 0.050000
2018-04-06 15:52:42,157 - Assigning font /b'F1' = '/Users/aaron/anaconda/lib/python3.6/site-packages/matplotlib/mpl-data/fonts/ttf/DejaVuSans.ttf'
2018-04-06 15:52:42,230 - findfont: Matching :family=sans-serif:style=normal:variant=normal:weight=normal:stretch=normal:size=12.0 to DejaVu Sans ('/Users/aaron/anaconda/lib/python3.6/site-packages/matplotlib/mpl-data/fonts/ttf/DejaVuSans.ttf') with score of 0.050000
2018-04-06 15:52:42,747 - Embedding font /Users/aaron/anaconda/lib/python3.6/site-packages/matplotlib/mpl-data/fonts/ttf/DejaVuSans.ttf.
2018-04-06 15:52:42,747 - Writing TrueType font.
2018-04-06 16:18:43,244 - 
m: 12.0107
bondLength: 1.42
T: 100
l: 1.42
F_ext: 0
R: 30
L: 90.0
dt: 0.01
HeatBath_on: False
memory_on: False
steps: 2000
t_total: 20.0
t: 0.0
N: 1087

2018-04-06 16:26:25,880 - duration : 462.6357419490814
2018-04-06 16:26:42,313 - 
m: 12.0107
bondLength: 1.42
T: 100
l: 1.42
F_ext: 0
R: 30
L: 90.0
dt: 0.01
HeatBath_on: False
memory_on: False
steps: 2000
t_total: 20.0
t: 20.000000000000327
N: 1087
Virial: [[ 1.23631030e-02 -1.34418863e-04  1.13257207e-05]
 [-1.34418863e-04  1.22786021e-02  2.04681070e-05]
 [ 1.13257207e-05  2.04681070e-05 -1.49627620e-04]]

2018-04-06 16:26:43,604 - No handles with labels found to put in legend.
2018-04-06 16:26:43,604 - No handles with labels found to put in legend.
2018-04-06 16:26:43,659 - findfont: Matching :family=sans-serif:style=normal:variant=normal:weight=normal:stretch=normal:size=10.0 to DejaVu Sans ('/Users/aaron/anaconda/lib/python3.6/site-packages/matplotlib/mpl-data/fonts/ttf/DejaVuSans.ttf') with score of 0.050000
2018-04-06 16:26:43,672 - Assigning font /b'F1' = '/Users/aaron/anaconda/lib/python3.6/site-packages/matplotlib/mpl-data/fonts/ttf/DejaVuSans.ttf'
2018-04-06 16:26:43,738 - findfont: Matching :family=sans-serif:style=normal:variant=normal:weight=normal:stretch=normal:size=12.0 to DejaVu Sans ('/Users/aaron/anaconda/lib/python3.6/site-packages/matplotlib/mpl-data/fonts/ttf/DejaVuSans.ttf') with score of 0.050000
2018-04-06 16:26:44,088 - Embedding font /Users/aaron/anaconda/lib/python3.6/site-packages/matplotlib/mpl-data/fonts/ttf/DejaVuSans.ttf.
2018-04-06 16:26:44,088 - Writing TrueType font.
2018-04-06 18:05:04,530 - 
m: 12.0107
bondLength: 1.42
T: 100
l: 1.42
F_ext: 2
R: 30
L: 90.0
dt: 0.01
HeatBath_on: False
memory_on: False
steps: 2000
t_total: 20.0
t: 0.0
N: 1087

2018-04-06 18:56:57,678 - duration : 3113.147479057312
2018-04-06 18:57:10,128 - 
m: 12.0107
bondLength: 1.42
T: 100
l: 1.42
F_ext: 2
R: 30
L: 90.0
dt: 0.01
HeatBath_on: False
memory_on: False
steps: 2000
t_total: 20.0
t: 20.000000000000327
N: 1087
Virial: [[-0.0905466  -0.00116141 -0.00146748]
 [-0.00116141 -0.08878075 -0.0027986 ]
 [-0.00146748 -0.0027986  -0.15452117]]

2018-04-06 18:57:11,220 - No handles with labels found to put in legend.
2018-04-06 18:57:11,221 - No handles with labels found to put in legend.
2018-04-06 18:57:11,255 - findfont: Matching :family=sans-serif:style=normal:variant=normal:weight=normal:stretch=normal:size=10.0 to DejaVu Sans ('/Users/aaron/anaconda/lib/python3.6/site-packages/matplotlib/mpl-data/fonts/ttf/DejaVuSans.ttf') with score of 0.050000
2018-04-06 18:57:11,268 - Assigning font /b'F1' = '/Users/aaron/anaconda/lib/python3.6/site-packages/matplotlib/mpl-data/fonts/ttf/DejaVuSans.ttf'
2018-04-06 18:57:11,314 - findfont: Matching :family=sans-serif:style=normal:variant=normal:weight=normal:stretch=normal:size=12.0 to DejaVu Sans ('/Users/aaron/anaconda/lib/python3.6/site-packages/matplotlib/mpl-data/fonts/ttf/DejaVuSans.ttf') with score of 0.050000
2018-04-06 18:57:11,611 - Embedding font /Users/aaron/anaconda/lib/python3.6/site-packages/matplotlib/mpl-data/fonts/ttf/DejaVuSans.ttf.
2018-04-06 18:57:11,611 - Writing TrueType font.
2018-04-06 19:31:20,704 - 
m: 12.0107
